0.0 27.1 84.4 122.9 139.8 194.2 267.9 326.2 308.6 238.1 168.8 86.9
27.1 0.0 79.8 119.1 136.8 185.5 255.6 331.3 317.1 244.6 194.5 108.1
84.4 79.8 0.0 39.4 57.0 110.2 185.7 254.3 244.4 170.0 187.3 92.4
122.9 119.1 39.4 0.0 17.8 74.6 152.7 218.4 212.1 137.2 198.9 110.6
139.8 136.8 57.0 17.8 0.0 62.2 141.0 201.4 196.7 121.9 203.8 119.9
194.2 185.5 110.2 74.6 62.2 0.0 78.8 189.0 198.5 131.0 263.1 182.0
267.9 255.6 185.7 152.7 141.0 78.8 0.0 202.0 227.1 176.8 339.7 260.8
326.2 331.3 254.3 218.4 201.4 189.0 202.0 0.0 45.2 88.7 286.7 262.9
308.6 317.1 244.4 212.1 196.7 198.5 227.1 45.2 0.0 74.9 249.6 237.5
238.1 244.6 170.0 137.2 121.9 131.0 176.8 88.7 74.9 0.0 210.0 174.9
168.8 194.5 187.3 198.9 203.8 263.1 339.7 286.7 249.6 210.0 0.0 95.8
86.9 108.1 92.4 110.6 119.9 182.0 260.8 262.9 237.5 174.9 95.8 0.0